[gd_scene load_steps=7 format=3 uid="uid://dl7g3g38rg3gv"]

[ext_resource type="Script" path="res://scripts/world.gd" id="1_q1cpw"]
[ext_resource type="PackedScene" uid="uid://c3donwdgn1s38" path="res://scenes/player.tscn" id="2_q6nst"]
[ext_resource type="PackedScene" uid="uid://crves8cf8ukat" path="res://scenes/enemy.tscn" id="3_fpd47"]

[sub_resource type="StandardMaterial3D" id="StandardMaterial3D_cd5c2"]
albedo_color = Color(0.27451, 0.27451, 0.27451, 1)

[sub_resource type="PlaneMesh" id="PlaneMesh_klbkj"]
material = SubResource("StandardMaterial3D_cd5c2")

[sub_resource type="BoxShape3D" id="BoxShape3D_me078"]
size = Vector3(1, 0.500783, 1)

[node name="world" type="Node3D"]
script = ExtResource("1_q1cpw")

[node name="StaticBody3D" type="StaticBody3D" parent="."]
transform = Transform3D(20, 0, 0, 0, 20, 0, 0, 0, 20, -0.0346622, -0.5, 0.00809669)

[node name="MeshInstance3D" type="MeshInstance3D" parent="StaticBody3D"]
mesh = SubResource("PlaneMesh_klbkj")

[node name="CollisionShape3D" type="CollisionShape3D" parent="StaticBody3D"]
transform = Transform3D(2, 0, 0, 0, 2, 0, 0, 0, 2, 0, -0.5, 0)
shape = SubResource("BoxShape3D_me078")

[node name="player" parent="." instance=ExtResource("2_q6nst")]

[node name="DirectionalLight3D" type="DirectionalLight3D" parent="."]
transform = Transform3D(0.206396, 0.871552, -0.444745, -0.325722, 0.489807, 0.808699, 0.922662, -0.0220493, 0.384978, -4.77542, 6.91891, 9.15886)
light_angular_distance = 2.18
shadow_enabled = true

[node name="enemy" parent="." instance=ExtResource("3_fpd47")]
transform = Transform3D(0.295, 0, 0, 0, 0.295, 0, 0, 0, 0.295, 0, -0.35, -4.56208)

[node name="DirectionalLight3D2" type="DirectionalLight3D" parent="."]
transform = Transform3D(0.282743, 0.959196, 1.57952e-07, 0.361291, -0.106498, 0.926351, 0.888552, -0.261919, -0.376661, 0, 10.3364, -6.55472)
light_energy = 0.262

[node name="DirectionalLight3D3" type="DirectionalLight3D" parent="."]
transform = Transform3D(-0.889631, -0.113367, 0.442386, 0.454906, -0.305297, 0.836573, 0.0402193, 0.945485, 0.323173, 13.1349, 8.21034, 4.09577)
light_energy = 0.262
